575 0.04181
851 0.04235
935 0.03649
1127 0.04634
1175 0.03919
1235 0.04521
1247 0.0464
1271 0.04874
1295 0.04695
1547 0.0502
1595 0.05036
1643 0.04746
1679 0.04545
1739 0.04236
1763 0.0471
1775 0.04793
1817 0.04574
1955 0.04981
2015 0.04078
2075 0.04574
2117 0.05034
2135 0.04654
2183 0.04111
2231 0.04925
2255 0.05013
2279 0.04908
2291 0.03752
2303 0.03963
2387 0.04302
2465 0.04257
2501 0.04381
2507 0.04375
2537 0.05023
2555 0.04606
2627 0.04986
2639 0.05043
2675 0.03964
2747 0.04661
2759 0.04621
2795 0.04052
2867 0.04359
2915 0.03725
2975 0.04812
2987 0.04862
3059 0.02807
3071 0.04921
3131 0.03588
3239 0.02504
3243 0.0502
3275 0.04972
3311 0.04865
3335 0.04795
3395 0.04043
3431 0.0453
3479 0.02906
3503 0.04346
3515 0.04463
3551 0.04588
3575 0.04671
3599 0.03538
3611 0.04321
3683 0.05037
3731 0.03831
3815 0.03975
3875 0.03672
3887 0.0454
3959 0.03251
3995 0.04298
4031 0.04144
4067 0.04752
4163 0.04536
4175 0.05026
4187 0.04998
4199 0.04969
4223 0.03846
4235 0.04885
4247 0.04781
4307 0.03306
4331 0.05022
4343 0.05042
4355 0.05014
4379 0.03426
4403 0.03838
4439 0.04326
4475 0.04375
4559 0.04257
4619 0.04416
4655 0.04188
4715 0.04667
4727 0.03921
4775 0.04823
4823 0.04408
4847 0.0468
4859 0.05038
4895 0.04589
4991 0.04828
5015 0.04887
5063 0.04659
5075 0.04889
5123 0.04632
5135 0.04661
5159 0.04898
5183 0.04853
5207 0.04645
5243 0.04917
5267 0.04539
5291 0.0503
5423 0.04089
5459 0.04375
5543 0.04331
5675 0.04641
5687 0.04577
5699 0.04602
5723 0.03845
5771 0.04756
5795 0.04899
5891 0.04565
5915 0.0504
5963 0.04886
5975 0.04738
6035 0.04861
6083 0.04614
6095 0.04983
6107 0.04662
6119 0.05032
6149 0.04277
6179 0.04637
6191 0.0483
6215 0.04878
6251 0.0478
6275 0.04815
6335 0.04944
6371 0.05014
6407 0.03859
6419 0.05003
6431 0.04849
6467 0.04795
6479 0.0491
6527 0.04139
6575 0.04639
6623 0.04699
6647 0.04333
6683 0.04615
6695 0.04891
6731 0.04957
6755 0.05001
6767 0.0414
6851 0.04948
6887 0.04228
6935 0.04829
7007 0.0473
7031 0.03824
7067 0.0465
7163 0.04017
7259 0.03912
7367 0.03695
7379 0.04265
7475 0.04156
7571 0.03981
7667 0.04133
7775 0.04302
7847 0.03618
7859 0.0376
7931 0.04416
7943 0.04562
7955 0.03898
7967 0.04599
7991 0.04636
8015 0.04673
8027 0.04336
8195 0.04946
8213 0.04925
8255 0.04344
8303 0.05002
8339 0.05032
8375 0.05021
8399 0.04992
8435 0.04608
8507 0.04712
8555 0.04781
8579 0.04337
8587 0.0498
8591 0.04833
8639 0.04901
8651 0.04676
8675 0.04953
8687 0.04727
8711 0.0476
8723 0.04777
8771 0.04845
8855 0.04963
8903 0.05029
8927 0.02516
8975 0.04793
8987 0.04972
9035 0.0492
9047 0.04907
9071 0.04881
9083 0.04868
9095 0.0459
9131 0.04817
9143 0.04655
9167 0.04779
9179 0.03891
9191 0.04719
9215 0.04937
9263 0.04104
9275 0.04831
9287 0.04476
9359 0.04942
9407 0.04362
9443 0.04504
9455 0.05035
9503 0.04984
9515 0.04698
9575 0.04639
9599 0.0419
9635 0.04582
9695 0.04553
9731 0.04598
9779 0.04658
9815 0.04703
9827 0.04304
9875 0.04616
9911 0.04582
9947 0.04451
9959 0.04538
9971 0.04897
9983 0.04912
10019 0.04484
10043 0.04986
10115 0.04399
10127 0.03916
10175 0.04729
10187 0.04607
10199 0.04162
10235 0.04801
10283 0.04859
10295 0.04873
10355 0.04799
10379 0.04777
10403 0.04755
10439 0.04723
10475 0.0469
10511 0.04986
10535 0.04963
10547 0.04952
10595 0.04907
10619 0.04564
10643 0.04863
10679 0.03947
10703 0.0475
10763 0.04341
10775 0.04433
10787 0.03451
10823 0.04887
10835 0.04901
10919 0.04996
10943 0.04544
10955 0.04557
10991 0.04597
11039 0.04651
11051 0.03686
11063 0.04677
11075 0.04691
11111 0.0473
11123 0.04744
11135 0.04899
11147 0.04433
11183 0.03401
11303 0.04754
11315 0.04523
11327 0.04293
11339 0.04981
11375 0.0502
11387 0.04248
11495 0.04969
11507 0.0416
11543 0.04928
11567 0.04117
11591 0.04887
11603 0.04877
11615 0.04502
11627 0.04256
11639 0.04484
11651 0.04837
11663 0.04827
11675 0.04817
11687 0.04033
11711 0.04429
11771 0.03975
11819 0.03045
11891 0.04529
11951 0.04597
11975 0.04235
11999 0.04561
12035 0.04533
12083 0.04497
12095 0.04738
12155 0.04798
12191 0.04418
12215 0.04859
12275 0.04358
12299 0.04341
12371 0.04345
12383 0.05028
12395 0.04368
12431 0.05029
12443 0.0434
12455 0.04427
12467 0.05
12551 0.04934
12575 0.03992
12587 0.04556
12599 0.04567
12635 0.04602
12707 0.04813
12719 0.04684
12731 0.04102
12815 0.04776
12827 0.04724
12839 0.04204
12851 0.04811
12875 0.04689
12887 0.04845
12935 0.04891
12947 0.04306
12971 0.04925
12995 0.04602
13019 0.04971
13031 0.04982
13055 0.04407
13067 0.05016
13079 0.04543
13091 0.05039
13115 0.04234
13175 0.04519
13199 0.04311
13271 0.04413
13427 0.04751
13439 0.04531
13475 0.04564
13511 0.04596
13547 0.04725
13559 0.0377
13571 0.04651
13583 0.03324
13631 0.04705
13667 0.03864
13703 0.03235
13715 0.0478
13727 0.04602
13823 0.05002
13847 0.04559
13871 0.0458
13895 0.04941
13919 0.03389
13943 0.03998
14003 0.03681
14027 0.04407
14039 0.04399
14063 0.0393
14075 0.04825
14099 0.0478
14111 0.04791
14123 0.04976
14135 0.04967
14147 0.04332
14171 0.04843
14195 0.04303
14219 0.04909
14231 0.04901
14279 0.04253
14291 0.0468
14315 0.04968
14351 0.04999
14363 0.04811
14375 0.0502
14399 0.0461
14471 0.04555
14495 0.04724
14507 0.04542
14555 0.04512
14579 0.04935
14615 0.04646
14651 0.04886
14675 0.04727
14711 0.04757
14735 0.04777
14795 0.04827
14807 0.04837
14915 0.04715
14927 0.0429
14975 0.04262
14999 0.04662
15023 0.03219
15035 0.05026
15047 0.04547
15155 0.04321
15167 0.04559
15179 0.04552
15203 0.04342
15215 0.04951
15239 0.04274
15251 0.04509
15275 0.04731
15311 0.04234
15323 0.0477
15347 0.04789
15407 0.04837
15455 0.04876
15479 0.04784
15503 0.03341
15515 0.0439
15539 0.04747
15563 0.04962
15575 0.04324
15587 0.03934
15611 0.05
15635 0.04689
15695 0.05038
15707 0.0503
15743 0.05007
15755 0.04577
15779 0.04434
15827 0.04633
15839 0.04642
15851 0.04562
15863 0.04931
15875 0.04924
15947 0.04563
15995 0.04762
16031 0.04628
16043 0.03139
16055 0.04646
16115 0.04692
16151 0.04757
16175 0.049
16199 0.04564
16211 0.04573
16235 0.04708
16247 0.04792
16259 0.04609
16271 0.04687
16307 0.04342
16343 0.04672
16391 0.04708
16403 0.03727
16415 0.05024
16463 0.04762
16475 0.04964
16511 0.04798
16523 0.04807
16559 0.04247
16571 0.05036
16643 0.0448
16727 0.04968
16775 0.0494
16799 0.05011
16835 0.05038
16859 0.04891
16895 0.0487
16907 0.04736
16967 0.04829
17003 0.04961
17015 0.04676
17051 0.04604
17075 0.04621
17111 0.04899
17135 0.04664
17171 0.0469
17195 0.04579
17219 0.03866
17243 0.03713
17255 0.0475
17267 0.04758
17279 0.04804
17363 0.03238
17375 0.04835
17399 0.04852
17411 0.04586
17423 0.04725
17435 0.04878
17447 0.04567
17459 0.04895
17507 0.04658
17531 0.04667
17543 0.04684
17591 0.0457
17603 0.04579
17615 0.04558
17639 0.04468
17675 0.04629
17687 0.04608
17711 0.04653
17759 0.04657
17819 0.04699
17927 0.04773
17951 0.0479
17963 0.04827
17975 0.04983
17999 0.04873
18011 0.04867
18023 0.04522
18083 0.04563
18095 0.04888
18167 0.04966
18179 0.04628
18203 0.04644
18239 0.04986
18275 0.0501
18299 0.04715
18323 0.05033
18335 0.04732
18383 0.04765
18395 0.04773
18407 0.05011
18419 0.04508
18467 0.04837
18515 0.04853
18527 0.04946
18575 0.04611
18611 0.04635
18647 0.04859
18659 0.04818
18683 0.04109
18755 0.04729
18767 0.0482
18779 0.04745
18791 0.05035
18815 0.0505
18827 0.04454
18875 0.04708
18887 0.04759
18923 0.04992
18935 0.04986
18971 0.04695
18983 0.04655
18995 0.04705
19007 0.04699
19019 0.04637
19043 0.04549
19055 0.04925
19067 0.04343
19127 0.04641
19175 0.05002
19199 0.0485
19223 0.04464
19295 0.05027
19307 0.04463
19343 0.05002
19355 0.0451
19367 0.04526
19415 0.04965
19451 0.04725
19475 0.04476
19499 0.04922
19511 0.04916
19619 0.04347
19631 0.04666
19667 0.04689
19691 0.04704
19703 0.04605
19787 0.04213
19823 0.04786
19847 0.04801
19871 0.0474
19883 0.04734
19895 0.04831
19943 0.04547
19955 0.04554
19967 0.04875
20003 0.04584
20039 0.04661
20075 0.04942
20087 0.04188
20099 0.04633
20111 0.0465
20171 0.046
20195 0.05015
20207 0.04014
20243 0.05045
20291 0.04342
20303 0.04337
20315 0.0502
20351 0.04796
20375 0.04508
20387 0.04121
20435 0.04961
20447 0.04955
20459 0.04471
20519 0.04246
20531 0.04904
20567 0.04227
20591 0.04886
20615 0.04875
20651 0.04858
20675 0.04378
20687 0.04298
20711 0.05012
20723 0.05019
20735 0.05026
20819 0.0503
20831 0.04334
20855 0.04396
20867 0.04224
20915 0.04169
20951 0.04452
20975 0.04709
20987 0.04703
20999 0.04432
21035 0.04927
21083 0.04661
21119 0.04501
21131 0.04376
21167 0.04624
21203 0.0455
21251 0.04577
21275 0.0464
21299 0.04805
21311 0.048
21335 0.04494
21359 0.04424
21371 0.04773
21395 0.04709
21431 0.04681
21443 0.04688
21455 0.04562
21479 0.04725
21515 0.04729
21527 0.04639
21539 0.04646
21551 0.04653
21575 0.0463
21659 0.04595
21707 0.04887
21719 0.04628
21731 0.04635
21755 0.04649
21779 0.04662
21791 0.04753
21827 0.04809
21887 0.04807
21899 0.04947
21935 0.04967
21971 0.04558
21983 0.04994
21995 0.04548
22007 0.0479
22019 0.04561
22043 0.04894
22055 0.04581
22103 0.05042
22127 0.04857
22139 0.04984
22163 0.04664
22175 0.04671
22199 0.04661
22211 0.04668
22223 0.04698
22295 0.05035
22331 0.04595
22355 0.04608
22379 0.04997
22403 0.04565
22427 0.04578
22451 0.048
22475 0.04813
22487 0.04819
22499 0.04686
22523 0.04863
22607 0.04676
22631 0.04758
22655 0.04702
22703 0.04728
22715 0.04735
22763 0.04761
22775 0.04767
22823 0.04729
22847 0.04556
22883 0.05044
22895 0.05039
22919 0.04594
22931 0.04601
22967 0.0462
22991 0.04883
23051 0.04985
23075 0.0498
23111 0.04697
23135 0.04709
23147 0.0493
23171 0.04729
23183 0.04914
23207 0.04999
23219 0.05031
23267 0.04779
23363 0.04969
23375 0.0502
23387 0.04642
23411 0.04654
23423 0.05
23435 0.04868
23471 0.04686
23483 0.04692
23495 0.04969
23519 0.04557
23555 0.04576
23579 0.04588
23591 0.04929
23639 0.04619
23651 0.04625
23675 0.04638
23711 0.05013
23735 0.04689
23759 0.05038
23807 0.04502
23843 0.04825
23855 0.04731
23867 0.04892
23903 0.0491
23927 0.04922
23939 0.04774
23951 0.0478
23963 0.04289
23975 0.04947
23999 0.04805
24035 0.04823
24047 0.04941
24059 0.04936
24095 0.04854
24119 0.04251
24131 0.04906
24215 0.04678
24275 0.04946
24287 0.04478
24311 0.04964
24347 0.0498
24383 0.04562
24395 0.04801
24455 0.04936
24479 0.05049
24503 0.04118
24539 0.05027
24563 0.04546
24575 0.04731
24587 0.04883
24647 0.0486
24695 0.04841
24707 0.0468
24743 0.04822
24779 0.04579
24815 0.04916
24827 0.04635
24839 0.04609
24863 0.04897
24875 0.04627
24887 0.04613
24911 0.04878
24947 0.04662
24983 0.04346
25043 0.04827
25079 0.04813
25139 0.04756
25175 0.04774
25187 0.0478
25199 0.04767
25235 0.04803
25259 0.04487
25271 0.0474
25283 0.04735
25331 0.04718
25355 0.04862
25379 0.04436
25403 0.04575
25415 0.0457
25451 0.04908
25475 0.0492
25487 0.04926
25499 0.04603
25511 0.04609
25547 0.04203
25559 0.04632
25571 0.04637
25607 0.04984
25619 0.0466
25631 0.04349
25655 0.05007
25715 0.04464
25775 0.05039
25787 0.05035
25823 0.04539
25871 0.04781
25883 0.04518
25967 0.04965
25979 0.04832
25991 0.04838
26051 0.04933
26063 0.04597
26123 0.049
26159 0.04917
26195 0.04879
26219 0.04156
26243 0.04957
26255 0.04962
26291 0.04979
26303 0.04335
26315 0.0499
26363 0.05013
26375 0.04813
26435 0.05047
26471 0.04213
26483 0.03911
26519 0.05022
26531 0.05017
26555 0.04338
26567 0.04743
26603 0.04277
26651 0.04972
26663 0.04968
26795 0.04663
26867 0.0409
26915 0.04616
26939 0.04142
26963 0.04638
26975 0.04643
26999 0.04845
27023 0.04043
27047 0.04676
27071 0.04687
27083 0.04692
27119 0.04594
27251 0.04654
27263 0.04752
27275 0.04747
27311 0.04795
27323 0.04801
27335 0.04727
27347 0.04697
27359 0.04329
27371 0.04707
27455 0.04745
27467 0.04751
27491 0.0443
27563 0.03984
27575 0.04914
27587 0.04804
27599 0.04809
27671 0.04842
27683 0.04608
27695 0.04852
27707 0.04483
27719 0.04863
27755 0.04879
27839 0.04916
27863 0.05042
27875 0.05048
27887 0.04937
27899 0.04943
27911 0.04297
27935 0.04583
27959 0.04518
27971 0.05019
27995 0.0461
28055 0.04989
28067 0.04641
28079 0.04646
28175 0.04688
28199 0.04699
28247 0.04921
28259 0.04725
28331 0.04892
28355 0.04493
28379 0.04777
28391 0.04963
28451 0.04851
28475 0.04934
28487 0.04824
28535 0.04571
28595 0.04596
28655 0.04872
28667 0.04778
28679 0.04632
28727 0.04653
28739 0.04551
28763 0.04561
28775 0.04673
28799 0.04823
28811 0.04819
28823 0.04586
28847 0.04704
28907 0.0473
28919 0.04556
28943 0.04216
28967 0.04576
28991 0.04657
29003 0.04663
29015 0.04596
29039 0.04786
29051 0.04683
29075 0.04693
29087 0.04627
29111 0.04637
29171 0.04662
29183 0.04739
29219 0.04682
29267 0.04584
29279 0.04708
29315 0.04902
29351 0.04738
29375 0.04819
29435 0.04953
29459 0.04854
29495 0.04978
29555 0.04823
29591 0.04484
29627 0.04844
29639 0.0493
29651 0.05043
29675 0.04873
29711 0.04888
29735 0.04898
29747 0.04521
29783 0.0455
29795 0.04554
29807 0.05004
29831 0.04345
29855 0.04579
29891 0.04962
29915 0.05044
29939 0.0496
29951 0.04987
29975 0.04628
29987 0.04944
29999 0.05028
30083 0.05
30095 0.05046
30131 0.05042
30143 0.0498
30155 0.04733
30167 0.04885
30179 0.04711
30191 0.04964
30227 0.0501
30251 0.04858
30263 0.04287
30275 0.0475
30287 0.0499
30299 0.04986
30371 0.04963
30383 0.04794
30479 0.04833
30503 0.04863
30515 0.04848
30527 0.04912
30551 0.04555
30575 0.04897
30587 0.04752
30599 0.04583
30623 0.04593
30635 0.04589
30659 0.04607
30683 0.04915
30695 0.04621
30719 0.04795
30731 0.04935
30743 0.04939
30791 0.04959
30827 0.04666
30875 0.04693
30887 0.04689
30923 0.04023
30935 0.04717
30959 0.04776
31007 0.04423
31031 0.04747
31043 0.05044
31067 0.04761
31115 0.0478
31175 0.04804
31211 0.04826
31283 0.04966
31295 0.04859
31331 0.04865
31403 0.04893
31415 0.04906
31439 0.04916
31463 0.04584
31475 0.04922
31487 0.04617
31523 0.04949
31535 0.04945
31559 0.04543
31571 0.04626
31595 0.04636
31631 0.04575
31655 0.04561
31679 0.0443
31691 0.04575
31703 0.04678
31763 0.05034
31775 0.04814
31787 0.04612
31823 0.04724
31871 0.04645
31931 0.04668
31955 0.04677
31979 0.04753
32015 0.04798
32039 0.04735
32075 0.04723
32123 0.04951
32147 0.04849
32171 0.0476
32195 0.04867
32207 0.04872
32219 0.04778
32231 0.04881
32267 0.04084
32279 0.04393
32291 0.04805
32315 0.04557
32339 0.04566
32351 0.04571
32375 0.04837
32387 0.04842
32435 0.04603
32447 0.04963
32495 0.04981
32519 0.04634
32555 0.04569
32567 0.04817
32591 0.04582
32627 0.04933
32639 0.046
32651 0.05041
32663 0.04609
32675 0.04614
32723 0.04632
32747 0.04978
32759 0.04725
32795 0.04659
32807 0.04747
32819 0.04747
32867 0.0466
32879 0.0469
32891 0.04695
32915 0.04716
32951 0.04967
32963 0.04964
32975 0.04806
33143 0.04789
33155 0.04906
33215 0.04895
33227 0.04964
33239 0.04451
33251 0.04829
33263 0.04618
33275 0.04871
33299 0.04846
33323 0.04601
33335 0.0486
33371 0.04843
33383 0.04957
33419 0.0497
33431 0.04975
33443 0.04822
33467 0.04535
33491 0.04997
33575 0.05028
33611 0.04961
33635 0.04596
33695 0.04557
33707 0.04622
33731 0.0457
33743 0.04737
33755 0.05014
33803 0.04596
33839 0.04786
33875 0.04622
33887 0.0455
33899 0.04973
33935 0.04568
33947 0.04755
33971 0.04657
33995 0.04589
34007 0.0467
34043 0.04607
34055 0.04406
34067 0.04647
34079 0.04757
34091 0.04624
34103 0.04914
34151 0.04963
34163 0.04896
34175 0.0473
34235 0.04602
34247 0.04817
34271 0.04765
34307 0.04777
34343 0.04714
34379 0.04865
34427 0.04744
34451 0.04877
34463 0.04757
34475 0.04761
34523 0.04778
34547 0.04787
34571 0.04585
34595 0.04804
34643 0.04821
34655 0.04902
34691 0.04915
34715 0.04847
34727 0.04851
34751 0.04732
34775 0.04868
34787 0.04412
34799 0.05015
34823 0.04961
34895 0.04987
34907 0.04497
34943 0.04554
34967 0.05012
34979 0.05028
35003 0.04575
35015 0.04953
35039 0.045
35075 0.046
35123 0.04617
35183 0.04637
35207 0.04558
35219 0.04562
35231 0.04566
35255 0.04575
35303 0.05048
35315 0.04683
35351 0.04608
35375 0.04704
35399 0.0491
35435 0.04725
35459 0.04645
35471 0.0465
35483 0.04742
35495 0.04932
35555 0.04548
35579 0.04687
35615 0.04787
35627 0.04703
35639 0.04558
35651 0.0495
35675 0.04589
35687 0.04594
35699 0.04827
35711 0.04821
35723 0.0493
35735 0.0461
35807 0.04563
35819 0.0477
35843 0.04647
35855 0.04579
35867 0.04874
35903 0.04667
35915 0.046
35927 0.04807
35939 0.04811
35975 0.04692
35987 0.04827
36023 0.04636
36047 0.04717
36059 0.04732
36143 0.04677
36155 0.04681
36167 0.04685
36203 0.0477
36239 0.04685
36275 0.04722
36287 0.04798
36335 0.04946
36359 0.04954
36371 0.05047
36395 0.04966
36407 0.04767
36419 0.04974
36455 0.04734
36491 0.05021
36503 0.05018
36515 0.05007
36539 0.04608
36575 0.04896
36611 0.04908
36623 0.04912
36635 0.04916
36695 0.04864
36707 0.04612
36719 0.0503
36731 0.04876
36743 0.0488
36803 0.049
36815 0.04642
36839 0.04211
36851 0.04916
36863 0.04938
36875 0.04996
36935 0.05017
36983 0.04906
36995 0.04964
37007 0.04537
37067 0.04936
37091 0.04996
37115 0.0503
37127 0.04868
37151 0.04558
37175 0.04908
37187 0.04066
37235 0.05044
37247 0.05048
37259 0.04886
37271 0.04831
37283 0.05043
37319 0.0487
37355 0.05024
37367 0.05021
37391 0.04956
37403 0.05011
37415 0.04582
37439 0.04077
37475 0.04601
37499 0.04823
37523 0.04749
37559 0.04629
37583 0.04637
37595 0.0496
37631 0.04652
37655 0.04944
37679 0.04777
37703 0.04931
37715 0.04871
37727 0.04925
37775 0.04576
37787 0.0458
37835 0.04595
37859 0.04603
37883 0.04676
37895 0.04882
37931 0.04647
37979 0.04765
38003 0.04854
38075 0.04673
38099 0.04681
38111 0.0477
38123 0.04617
38135 0.04816
38147 0.04817
38171 0.04605
38243 0.04588
38255 0.04585
38315 0.04719
38375 0.0476
38387 0.04773
38399 0.04901
38411 0.04548
38423 0.04908
38471 0.048
38483 0.04928
38531 0.04722
38579 0.04557
38591 0.04962
38627 0.04698
38663 0.04635
38735 0.04561
38759 0.04892
38771 0.04573
38807 0.04907
38831 0.04915
38843 0.04592
38855 0.04643
38915 0.04618
38927 0.04622
38939 0.04949
38963 0.04633
38975 0.04961
38999 0.04968
39035 0.04656
39059 0.05002
39071 0.04998
39083 0.04671
39095 0.04999
39131 0.04983
39155 0.04572
39179 0.04556
39203 0.0498
39215 0.04712
39263 0.04727
39275 0.04731
39347 0.04608
39407 0.04575
39431 0.04509
39455 0.04642
39467 0.045
39479 0.04649
39491 0.04495
39515 0.04806
39527 0.04547
39575 0.04627
39587 0.04828
39611 0.04962
39647 0.04701
39695 0.04599
39707 0.0472
39731 0.04932
39767 0.04686
39803 0.04697
39875 0.0472
39911 0.04731
39923 0.04669
39935 0.04738
39947 0.04742
39959 0.04798
39995 0.04691
40043 0.04771
40067 0.04713
40091 0.04838
40103 0.04308
40115 0.04793
40139 0.04736
40175 0.04746
40199 0.04818
40211 0.04823
40223 0.04826
40235 0.04765
40247 0.04834
40259 0.04803
40271 0.04841
40319 0.04908
40331 0.04794
40355 0.04919
40367 0.04805
40379 0.04927
40391 0.04812
40415 0.04885
40439 0.04761
40463 0.05012
40475 0.04903
40523 0.0457
40535 0.04573
40571 0.04597
40595 0.04591
40619 0.04118
40631 0.04951
40643 0.04968
40655 0.04622
40703 0.04624
40715 0.04696
40727 0.04914
40775 0.05047
40811 0.04657
40859 0.04671
40871 0.04675
40919 0.04689
40967 0.05049
40979 0.04544
40991 0.04994
41003 0.0504
41015 0.05002
41075 0.04748
41087 0.05023
41099 0.04743
41111 0.04759
41123 0.0475
41135 0.04754
41147 0.05041
41159 0.04518
41195 0.04772
41207 0.04948
41219 0.04779
41255 0.04789
41267 0.04818
41291 0.04549
41303 0.04967
41327 0.04919
41339 0.04563
41363 0.04796
41375 0.04574
41423 0.04991
41447 0.04859
41471 0.04854
41495 0.04874
41531 0.04965
41567 0.04749
41591 0.04902
41615 0.04645
41663 0.04934
41675 0.04662
41699 0.04669
41711 0.04925
41735 0.0468
41747 0.04914
41783 0.0457
41795 0.04698
41807 0.04848
41819 0.04581
41831 0.04802
41855 0.04592
41891 0.04788
41915 0.04609
41951 0.04743
41963 0.0466
41975 0.04627
41987 0.04807
42011 0.05026
42035 0.04644
42059 0.05028
42107 0.05048
42119 0.04793
42143 0.0505
42167 0.05033
42191 0.04579
42251 0.04597
42275 0.05018
42287 0.04354
42311 0.04693
42347 0.04991
42395 0.04749
42419 0.0488
42431 0.04759
42455 0.04656
42479 0.04663
42515 0.04908
42527 0.04949
42539 0.0468
42563 0.04797
42575 0.0469
42587 0.04694
42599 0.04808
42659 0.04825
42671 0.04829
42731 0.04912
42755 0.04742
42803 0.04895
42827 0.04669
42851 0.04881
42875 0.04607
42911 0.04617
42935 0.05029
42947 0.04628
42959 0.04801
42971 0.04804
42983 0.04638
43007 0.04815
43031 0.04651
43043 0.04841
43055 0.04658
43079 0.04835
43091 0.04669
43127 0.04849
43139 0.04515
43175 0.04863
43247 0.04785
43259 0.04993
43295 0.04727
43307 0.0473
43343 0.0474
43355 0.05025
43415 0.04761
43439 0.04743
43463 0.04774
43475 0.04745
43523 0.05033
43559 0.04924
43571 0.04805
43583 0.05019
43619 0.04989
43631 0.04992
43679 0.04691
43703 0.04695
43715 0.04845
43727 0.04849
43739 0.05023
43751 0.04881
43763 0.04978
43775 0.04975
43811 0.05043
43835 0.0505
43847 0.04883
43859 0.04857
43907 0.04899
43919 0.04465
43931 0.0455
43955 0.04913
43967 0.04916
43979 0.05018
44003 0.04926
44039 0.04916
44051 0.04583
44063 0.04587
44075 0.04947
44099 0.04902
44135 0.04607
44147 0.0461
44183 0.0462
44243 0.04994
44255 0.0464
44339 0.04582
44363 0.0467
44375 0.04554
44387 0.04542
44399 0.04598
44411 0.04921
44423 0.04605
44447 0.04693
44459 0.04615
44495 0.04903
44555 0.0489
44567 0.04726
44591 0.05019
44603 0.04654
44639 0.04871
44663 0.04498
44675 0.04756
44735 0.04691
44747 0.04984
44759 0.04845
44795 0.04707
44807 0.0497
44831 0.04965
44891 0.0456
44903 0.04818
44915 0.04946
44951 0.04588
44975 0.04583
45011 0.04925
45047 0.04614
45059 0.04779
45095 0.04616
45107 0.04771
45155 0.04632
45167 0.04022
45227 0.04663
45251 0.04658
45275 0.04676
45287 0.04566
45299 0.04671
45323 0.04678
45347 0.0494
45359 0.04699
45371 0.04588
45395 0.04697
45431 0.04604
45443 0.04832
45479 0.04894
45527 0.04989
45539 0.04634
45551 0.04751
45563 0.04743
45575 0.04746
45623 0.04933
45671 0.04784
45695 0.04952
45719 0.04959
45731 0.04788
45743 0.04965
45791 0.04701
45803 0.04981
45815 0.04708
45839 0.04817
45875 0.04827
45899 0.04833
45911 0.04605
46031 0.0488
46043 0.04872
46055 0.04772
46079 0.04881
46115 0.04552
46127 0.03983
46139 0.04558
46151 0.04561
46163 0.04904
46175 0.0468
46235 0.0482
46247 0.04944
46259 0.04826
46283 0.04596
46295 0.04599
46319 0.04606
46331 0.04554
46343 0.04952
46355 0.04852
46367 0.0497
46391 0.04965
46403 0.04573
46463 0.04416
46475 0.04884
46487 0.04492
46535 0.049
46547 0.05018
46583 0.05016
46607 0.04919
46631 0.04633
46655 0.04858
46667 0.0505
46739 0.04661
46763 0.04667
46775 0.04726
46787 0.04966
46799 0.04732
46835 0.04686
46847 0.04982
46859 0.04692
46883 0.04699
46895 0.04702
46931 0.04767
46943 0.04714
46967 0.04794
46979 0.04724
46991 0.0502
47027 0.04975
47075 0.04749
47135 0.04765
47171 0.04944
47183 0.04777
47219 0.04787
47231 0.0479
47243 0.04793
47255 0.04927
47291 0.04861
47375 0.04712
47399 0.04989
47411 0.04836
47423 0.0484
47435 0.04899
47471 0.04852
47483 0.04855
47495 0.04914
47519 0.04222
47531 0.04868
47579 0.04551
47603 0.04558
47615 0.04561
47627 0.04941
47663 0.04573
47675 0.04905
47687 0.04268
47747 0.04826
47759 0.04927
47771 0.04601
47783 0.04604
47795 0.04607
47855 0.04622
47867 0.04802
47879 0.04628
47891 0.04961
47915 0.05023
47975 0.04982
47987 0.04867
48011 0.04773
48035 0.04998
48047 0.04855
48059 0.04674
48071 0.0485
48107 0.04843
48143 0.04696
48167 0.04831
48191 0.04708
48203 0.04711
48227 0.04547
48251 0.04723
48263 0.05046
48275 0.0473
48287 0.04807
48323 0.05034
48335 0.04745
48359 0.04548
48443 0.04964
48455 0.04775
48503 0.04787
48515 0.04587
48551 0.04942
48575 0.04937
48587 0.04605
48599 0.04608
48635 0.04739
48659 0.04623
48671 0.04962
48683 0.04651
48707 0.04635
48719 0.04722
48743 0.04848
48755 0.04851
48791 0.04657
48803 0.0444
48815 0.04626
48827 0.04701
48863 0.04559
48875 0.04882
48887 0.04603
48899 0.04916
48911 0.04571
48923 0.04574
48959 0.04699
48983 0.04557
48995 0.0456
49067 0.04578
49115 0.04622
49151 0.04747
49163 0.04434
49175 0.04636
49187 0.04608
49235 0.04972
49247 0.04623
49259 0.04657
49271 0.04629
49283 0.04632
49319 0.04532
49343 0.04828
49403 0.04662
49427 0.04816
49475 0.04711
49487 0.04683
49511 0.04837
49583 0.04483
49595 0.04741
49607 0.0486
49619 0.05037
49631 0.04718
49679 0.04878
49691 0.04765
49703 0.04768
49715 0.04771
49751 0.04749
49775 0.04754
49859 0.04546
49883 0.04521
49895 0.04815
49907 0.04568
49931 0.04564
49955 0.0458
49967 0.04801
49979 0.04575
50003 0.04551
50015 0.04584
50075 0.04599
50099 0.04941
50135 0.04583
50183 0.04854
50243 0.04869
50255 0.04561
50267 0.04564
50279 0.04557
50303 0.04655
50315 0.04658
50327 0.04425
50339 0.04674
50375 0.0458
50399 0.04586
50435 0.04656
50447 0.04659
50471 0.04695
50519 0.04615
50531 0.04567
50579 0.04629
50615 0.047
50639 0.04593
50663 0.0466
50675 0.04714
50687 0.04656
50699 0.04608
50711 0.0461
50735 0.04677
50747 0.0468
50759 0.04673
50783 0.04567
50807 0.04634
50819 0.04687
50855 0.04584
50879 0.04651
50903 0.04718
50915 0.04803
50927 0.04714
50939 0.04665
50963 0.04732
50975 0.04613
50987 0.04677
51011 0.04795
51023 0.04625
51035 0.04628
51083 0.04639
51095 0.04816
51107 0.04706
51119 0.04709
51143 0.04776
51155 0.04768
51179 0.042
51191 0.04665
51251 0.04679
51275 0.04746
51299 0.04803
51359 0.04766
51371 0.0482
51395 0.04714
51455 0.04789
51467 0.04905
51491 0.04798
51527 0.04868
51575 0.04818
51587 0.04882
51611 0.04878
51623 0.04768
51635 0.04771
51671 0.04841
51695 0.04991
51707 0.04901
51731 0.04855
51743 0.04351
51755 0.04861
51779 0.04805
51791 0.04921
51815 0.04814
51863 0.04825
51875 0.04828
51887 0.04954
51911 0.04898
51923 0.0484
51935 0.05017
51947 0.04968
51959 0.05048
51983 0.04977
52007 0.04972
52043 0.04868
52055 0.04871
52115 0.04885
52151 0.05017
52175 0.04899
52187 0.05025
52211 0.0502
52235 0.04913
52271 0.04922
52283 0.05011
52319 0.04933
52331 0.04997
52355 0.05039
52403 0.0503
52415 0.05036
52427 0.05034
52439 0.04962
52451 0.05021
52463 0.04977
52475 0.0497
52487 0.05034
52499 0.05037
52523 0.05007
52535 0.05046
52547 0.05048
52559 0.05051
52595 0.05044
52607 0.05
52643 0.0501
52715 0.04896
52739 0.05032
52751 0.05014
52775 0.04553
52799 0.04558
52823 0.04885
52847 0.04292
52871 0.05041
52895 0.0458
52907 0.04984
52931 0.05029
52955 0.04594
52979 0.04848
53015 0.05014
53063 0.04865
53075 0.04622
53099 0.04628
53111 0.04905
53159 0.04986
53207 0.04565
53243 0.04873
53291 0.04585
53303 0.04568
53339 0.04576
53351 0.04686
53363 0.04582
53375 0.04946
53387 0.04895
53399 0.04942
53423 0.048
53447 0.0462
53459 0.04604
53483 0.04609
53495 0.04612
53519 0.04724
53531 0.04917
53567 0.04648
53579 0.04909
53603 0.04904
53627 0.04662
53663 0.0467
53675 0.04653
53687 0.04763
53723 0.04882
53735 0.04686
53747 0.04782
53795 0.04781
53843 0.04765
53867 0.04717
53879 0.047
53915 0.04708
53963 0.04704
53975 0.04702
54023 0.04752
54035 0.04755
54047 0.04566
54071 0.04744
54095 0.04749
54107 0.04579
54119 0.04755
54131 0.04757
54143 0.04588
54191 0.04598
54203 0.04793
54215 0.04604
54227 0.04886
54239 0.04742
54275 0.04809
54383 0.04642
54395 0.04817
54407 0.04839
54431 0.04845
54467 0.04941
54479 0.04836
54491 0.04839
54575 0.04685
54587 0.04968
54599 0.04863
54611 0.04693
54635 0.04635
54671 0.04899
54683 0.04709
54707 0.04907
54731 0.04893
54755 0.04725
54791 0.04926
54815 0.04739
54827 0.04742
54839 0.04917
54863 0.04942
54875 0.04945
54899 0.05038
54911 0.0476
54947 0.04961
54995 0.04952
55007 0.04975
55019 0.04958
55031 0.04787
55055 0.04966
55067 0.04563
55091 0.04801
55115 0.04999
55151 0.04814
55175 0.04819
55187 0.04822
55199 0.05006
55211 0.05001
55223 0.05023
55247 0.04835
55283 0.04843
55319 0.05025
55379 0.04595
55391 0.05041
55427 0.04876
55463 0.05046
55475 0.04886
55499 0.05039
55535 0.04946
55571 0.05026
55583 0.04517
55703 0.04937
55715 0.04457
55727 0.04493
55739 0.04996
55751 0.04553
55775 0.04559
55811 0.04567
55835 0.04572
55859 0.04974
55883 0.04205
55895 0.04585
55907 0.04982
55919 0.0459
55943 0.0499
55955 0.04993
55979 0.04603
55991 0.04495
56015 0.04491
56027 0.05008
56051 0.04925
56075 0.04851
56135 0.04926
56147 0.04422
56159 0.04643
56231 0.05049
56279 0.04669
56291 0.04672
56303 0.04896
56315 0.04894
56327 0.05032
56339 0.0489
56351 0.04685
56363 0.04687
56375 0.05023
56387 0.04866
56399 0.0488
56447 0.04379
56459 0.04708
56471 0.04852
56507 0.04777
56579 0.04765
56603 0.04739
56615 0.04742
56639 0.04392
56675 0.04817
56699 0.04354
56723 0.04824
56735 0.04549
56759 0.04554
56771 0.04557
56795 0.04949
56855 0.04575
56867 0.04577
56879 0.04715
56903 0.04804
56927 0.0459
56939 0.04593
56975 0.04781
56987 0.04603
57011 0.04608
57023 0.04909
57035 0.04614
57071 0.04621
57095 0.04626
57155 0.04558
57227 0.04574
57239 0.04877
57263 0.04882
57275 0.04584
57311 0.04592
57323 0.04858
57359 0.04683
57371 0.04701
57395 0.0461
57407 0.04612
57419 0.04708
57431 0.0484
57443 0.0462
57479 0.04709
57491 0.04711
57539 0.04721
57551 0.04643
57575 0.04648
57599 0.04954
57611 0.04737
57623 0.04658
57671 0.0475
57683 0.04564
57695 0.04566
57707 0.04676
57743 0.04684
57767 0.04637
57815 0.0478
57827 0.04702
57851 0.04788
57875 0.04793
57887 0.04714
57959 0.04811
57971 0.04732
57983 0.04627
57995 0.0463
58007 0.04533
58055 0.0475
58103 0.04729
58115 0.04655
58127 0.04765
58139 0.04492
58163 0.05031
58175 0.04668
58187 0.04715
58223 0.04564
58235 0.04788
58247 0.04705
58259 0.04685
58283 0.05011
58295 0.04553
58307 0.04696
58319 0.04698
58331 0.04701
58343 0.04703
58355 0.04706
58415 0.04559
58463 0.04569
58475 0.04563
58487 0.04565
58499 0.04568
58523 0.04582
58535 0.04851
58547 0.04578
58559 0.04537
58571 0.04583
58607 0.04547
58643 0.04545
58667 0.04559
58703 0.04632
58739 0.04976
58751 0.04577
58775 0.04573
58811 0.04633
58823 0.04804
58835 0.04594
58847 0.04649
58859 0.0459
58883 0.04816
58919 0.04603
58931 0.04605
58955 0.0461
59015 0.04623
59027 0.04378
59039 0.04637
59075 0.04688
59087 0.04699
59099 0.04649
59147 0.0458
59171 0.04585
59231 0.04676
59255 0.04603
59267 0.04737
59279 0.04547
59291 0.0455
59303 0.04552
59327 0.0474
59339 0.04559
59363 0.04916
59411 0.04635
59423 0.04577
59459 0.04715
59495 0.04731
59519 0.04727
59531 0.04738
59555 0.04735
59639 0.04621
59675 0.04689
59711 0.04697
59735 0.04702
59783 0.04651
59819 0.04658
59831 0.04583
59843 0.04663
59867 0.04808
59891 0.04804
59903 0.04675
59915 0.04678
59927 0.04741
59963 0.04688
59975 0.04874
59987 0.04832
60023 0.04724
60047 0.04627
60059 0.0463
60071 0.0471
60095 0.04637
60119 0.04642
60131 0.04644
60143 0.04917
60155 0.04788
60191 0.05021
60203 0.04737
60227 0.04664
60239 0.04744
60275 0.04891
60287 0.04676
60311 0.04681
60323 0.04761
60335 0.04566
60347 0.04569
60371 0.04573
60395 0.04578
60407 0.04918
60419 0.04703
60431 0.04586
60455 0.0459
60467 0.04593
60479 0.04793
60491 0.04856
60515 0.04603
60551 0.0461
60563 0.04612
60575 0.04944
60587 0.04737
60599 0.05002
60635 0.04627
60671 0.04754
60695 0.04759
60743 0.04908
60755 0.04651
60791 0.04658
60803 0.04661
60839 0.04788
60863 0.05002
60875 0.04675
60935 0.04886
60947 0.0481
60959 0.04186
60995 0.04898
61019 0.05034
61067 0.04714
61079 0.05046
61103 0.04919
61115 0.04844
61163 0.05041
61175 0.04736
61235 0.04946
61247 0.0501
61295 0.04958
61307 0.04974
61355 0.0497
61367 0.04895
61415 0.04982
61427 0.05046
61439 0.04909
61451 0.04791
61475 0.04796
61499 0.04999
61523 0.04805
61535 0.0493
61571 0.04936
61595 0.0482
61607 0.04943
61619 0.04646
61655 0.04832
61679 0.05035
61691 0.05012
61739 0.04969
61775 0.04856
61787 0.04858
61799 0.05044
61811 0.04551
61823 0.0504
61835 0.04675
61847 0.0487
61907 0.04882
61919 0.04573
62015 0.05024
62063 0.04601
62075 0.04916
62087 0.04637
62111 0.04611
62123 0.04886
62135 0.0494
62147 0.0493
62159 0.04986
62195 0.04621
62243 0.04923
62267 0.04954
62279 0.04644
62291 0.0486
62315 0.04963
62339 0.04655
62363 0.0466
62375 0.04663
62399 0.04346
62411 0.0467
62447 0.04787
62471 0.04887
62495 0.04932
62519 0.04991
62543 0.04696
62567 0.05013
62615 0.05023
62651 0.0503
62663 0.04719
62675 0.04721
62699 0.04963
62759 0.04788
62771 0.04889
62795 0.04745
62807 0.0455
62831 0.04752
62843 0.04878
62855 0.04559
62867 0.05033
62879 0.04761
62891 0.0487
62951 0.04578
62963 0.04778
62975 0.04857
62999 0.04785
63011 0.04589
63035 0.04792
63047 0.05005
63071 0.04842
63083 0.04841
63119 0.0461
63143 0.04784
63155 0.04815
63167 0.04546
63191 0.04822
63215 0.04539
63227 0.04558
63263 0.04836
63275 0.04551
63335 0.04579
63371 0.04659
63383 0.04572
63395 0.04664
63407 0.04666
63431 0.04581
63455 0.04602
63479 0.04841
63491 0.0484
63503 0.04595
63539 0.04692
63551 0.04892
63575 0.04609
63623 0.04634
63635 0.04621
63683 0.0475
63707 0.04807
63731 0.04566
63755 0.0466
63767 0.04736
63779 0.04648
63791 0.04578
63827 0.04674
63851 0.04589
63875 0.04594
63887 0.04596
63899 0.04778
63911 0.04601
63923 0.04964
63935 0.04605
63971 0.04767
63983 0.04704
64043 0.04699
64055 0.04628
64079 0.04706
64139 0.04717
64163 0.04738
64175 0.04651
64199 0.04674
64235 0.04821
64247 0.04665
64295 0.04674
64307 0.04677
64331 0.0477
64343 0.04756
64355 0.04686
64367 0.04851
64379 0.04763
64415 0.05044
64475 0.05035
64487 0.04711
64511 0.04547
64523 0.0455
64583 0.04802
64607 0.04734
64619 0.04899
64631 0.04811
64643 0.0483
64655 0.04575
64703 0.04999
64715 0.04586
64727 0.04846
64739 0.04655
64751 0.04593
64775 0.04839
64787 0.04931
64823 0.04606
64859 0.04613
64883 0.04859
64907 0.04791
64931 0.04627
64943 0.04962
64955 0.04961
64979 0.04804
65075 0.04551
65087 0.04988
65135 0.04562
65159 0.0467
65195 0.05009
65207 0.04937
65219 0.0492
65231 0.04852
65243 0.04583
65255 0.0493
65279 0.05025
65291 0.05027
65303 0.04594
65339 0.04872
65351 0.04706
65363 0.0495
65375 0.04607
65411 0.04614
65435 0.04556
65459 0.04968
65471 0.04625
65555 0.04986
65567 0.0458
65591 0.0492
65603 0.04587
65615 0.04589
65627 0.04655
65675 0.04601
65711 0.05016
65723 0.04672
65747 0.04949
65771 0.04785
65783 0.05029
65807 0.04625
65819 0.04627
65879 0.04308
65903 0.0505
65939 0.04985
65975 0.04823
65987 0.04659
65999 0.04661
66011 0.04999
66023 0.05018
66035 0.04834
66119 0.0485
66143 0.04688
66155 0.0469
66167 0.04997
66203 0.04762
66215 0.05003
66251 0.04874
66263 0.04562
66275 0.04564
66299 0.04138
66323 0.04721
66371 0.04582
66395 0.04734
66443 0.04595
66503 0.04921
66515 0.04923
66527 0.05015
66539 0.04761
66551 0.04826
66563 0.04617
66575 0.04768
66599 0.04624
66611 0.04626
66659 0.0495
66671 0.04863
66707 0.04855
66719 0.04702
66743 0.04799
66755 0.04801
66767 0.04803
66779 0.04657
66815 0.04812
66839 0.04816
66875 0.04886
66887 0.0489
66899 0.04827
66935 0.04685
66971 0.04904
66983 0.04843
67007 0.04847
67019 0.04849
67067 0.04858
67091 0.04926
67115 0.04856
67151 0.05041
67163 0.04876
67175 0.04848
67199 0.04734
67235 0.0474
67259 0.04894
67283 0.04898
67295 0.04751
67319 0.05034
67355 0.04762
67367 0.0482
67379 0.04916
67415 0.04922
67451 0.0478
67475 0.04561
67487 0.04873
67535 0.04944
67571 0.04548
67595 0.04553
67643 0.04561
67655 0.04966
67667 0.04968
67691 0.046
67703 0.04975
67715 0.04828
67727 0.04576
67775 0.04616
67787 0.04587
67799 0.04992
67811 0.0477
67847 0.04598
67859 0.04854
67871 0.04602
67895 0.04637
67907 0.04639
67919 0.04642
67991 0.04624
68015 0.04628
68027 0.04631
68063 0.04637
68075 0.05043
68123 0.04902
68159 0.04685
68183 0.04659
68195 0.04661
68231 0.04667
68255 0.04672
68291 0.04678
68303 0.04934
68315 0.04682
68327 0.0502
68339 0.04717
68363 0.04964
68375 0.04693
68411 0.047
68423 0.04956
68471 0.04948
68495 0.04969
68579 0.04851
68591 0.04762
68603 0.0498
68663 0.04745
68675 0.05002
68735 0.04642
68747 0.04696
68759 0.04793
68783 0.04766
68807 0.04801
68843 0.05032
68855 0.04779
68915 0.0479
68951 0.04796
68975 0.04831
68987 0.04542
69023 0.04809
69059 0.05035
69071 0.04818
69083 0.04911
69095 0.04822
69107 0.04855
69131 0.04773
69167 0.04498
69179 0.04868
69215 0.04843
69227 0.04876
69251 0.0488
69275 0.04854
69287 0.04856
69299 0.05
69323 0.04863
69335 0.04617
69347 0.04867
69359 0.04614
69407 0.04878
69419 0.0491
69443 0.0486
69455 0.04548
69479 0.04921
69527 0.04525
69551 0.04903
69575 0.04907
69599 0.04942
69611 0.04561
69635 0.04565
69647 0.04951
69659 0.0457
69671 0.04572
69695 0.04929
69719 0.0494
69731 0.04597
69743 0.04599
69755 0.04586
69791 0.04593
69803 0.04948
69839 0.04677
69851 0.04956
69875 0.04918
69935 0.04633
69947 0.05004
69983 0.04626
70007 0.04984
70043 0.04637
70091 0.04645
70115 0.05003
70127 0.04666
70151 0.04656
70175 0.0466
70211 0.0502
70235 0.05048
70247 0.05026
70283 0.04694
70295 0.04696
70307 0.04083
70331 0.04687
70343 0.04689
70391 0.04846
70403 0.047
70463 0.04836
70475 0.04712
70499 0.0501
70511 0.05033
70523 0.05032
70547 0.0474
70559 0.04823
70595 0.04733
70643 0.04742
70655 0.04758
70679 0.04748
70691 0.05008
70727 0.04508
70739 0.04684
70751 0.04775
70763 0.04762
70775 0.04779
70787 0.04969
70799 0.04769
70811 0.04771
70835 0.04963
70847 0.04961
70859 0.04959
70871 0.04781
70883 0.04798
70895 0.04979
70907 0.04953
70943 0.04972
70955 0.04547
70967 0.04549
71003 0.04964
71015 0.04558
71027 0.0496
71063 0.04755
71075 0.0464
71087 0.04833
71099 0.04926
71111 0.04838
71135 0.04827
71195 0.04852
71207 0.04935
71219 0.04593
71231 0.04595
71243 0.04846
71303 0.04871
71315 0.04486
71375 0.04868
71423 0.04877
71435 0.04894
71447 0.04632
71495 0.0464
71507 0.0487
71519 0.04644
71531 0.04693
71543 0.04579
71555 0.04863
71567 0.04576
71579 0.04654
71603 0.04923
71627 0.04663
71639 0.04665
71651 0.04916
71675 0.04935
71687 0.04673
71759 0.04836
71783 0.04427
71795 0.04691
71831 0.04698
71855 0.04702
71891 0.04957
71915 0.04815
71939 0.04408
71951 0.04718
71975 0.04722
72011 0.04978
72059 0.04737
72071 0.04988
72119 0.04217
72179 0.0478
72203 0.05026
72215 0.04555
72239 0.04767
72263 0.05021
72275 0.04565
72299 0.04777
72311 0.04571
72323 0.04573
72335 0.04575
72371 0.04778
72407 0.04773
72419 0.04748
72443 0.04594
72455 0.04804
72479 0.05045
72491 0.04602
72527 0.04608
72539 0.04818
72575 0.05032
72587 0.04235
72611 0.0483
72635 0.04834
72659 0.04548
72695 0.04845
72731 0.04642
72743 0.05008
72779 0.05004
72791 0.0499
72803 0.04988
72839 0.04869
72851 0.04663
72863 0.04665
72875 0.04875
72887 0.04669
72899 0.04879
72935 0.04677
72947 0.04887
72971 0.04683
72983 0.04685
72995 0.04687
73055 0.04549
73067 0.04908
73103 0.04493
73115 0.04958
73139 0.0492
73151 0.04565
73163 0.04715
73175 0.04569
73187 0.04571
73211 0.04933
73223 0.04943
73235 0.04579
73247 0.04345
73283 0.04935
73295 0.04946
73319 0.04632
73343 0.04464
73355 0.04599
73367 0.04601
73391 0.04605
73427 0.04611
73439 0.04613
73451 0.04912
73475 0.04619
73487 0.04621
73499 0.04623
73511 0.04625
73535 0.04777
73595 0.04787
73619 0.0489
73631 0.04877
73667 0.04651
73691 0.04869
73715 0.04866
73775 0.04817
73787 0.05029
73811 0.04675
73871 0.04552
73919 0.04546
73931 0.04548
73955 0.04566
73967 0.04568
73979 0.04556
73991 0.04558
74003 0.0456
74015 0.04562
74039 0.04713
74075 0.04718
74087 0.0472
74111 0.04592
74147 0.0473
74183 0.045
74195 0.04606
74267 0.04617
74303 0.0452
74315 0.04611
74327 0.0476
74339 0.04615
74351 0.04631
74375 0.04917
74387 0.04492
74399 0.04625
74447 0.04929
74459 0.04978
74483 0.04549
74495 0.04655
74519 0.04645
74543 0.04649
74555 0.04561
74579 0.04655
74603 0.04659
74627 0.04573
74639 0.04459
74663 0.04754
74675 0.04671
74711 0.04587
74783 0.04688
74795 0.04559
74807 0.04706
74819 0.04734
74855 0.04569
74867 0.04571
74879 0.04851
74927 0.04916
74939 0.04914
74951 0.0473
74975 0.04589
74987 0.04591
74999 0.04593
75023 0.04709
75035 0.04599
75047 0.046
75059 0.04602
75071 0.0475
75095 0.0465
75107 0.0461
75143 0.04657
75203 0.04771
75215 0.04669
75263 0.0456
75275 0.04916
75287 0.0464
75299 0.04566
75311 0.04568
75335 0.04793
75359 0.04651
75371 0.04578
75383 0.04787
75395 0.04582
75419 0.0494
75443 0.0481
75515 0.04956
75551 0.04607
75563 0.04609
75575 0.04611
75587 0.04834
75623 0.04619
75635 0.04828
75647 0.04844
75671 0.04743
75719 0.04634
75755 0.0464
75803 0.04671
75815 0.0465
75827 0.04668
75839 0.04654
75851 0.05011
75863 0.04489
75875 0.04881
75887 0.04792
75899 0.04494
75911 0.04741
75923 0.04657
75947 0.04747
76007 0.04552
76043 0.04894
76055 0.04806
76067 0.04766
76115 0.04774
76127 0.04632
76139 0.0491
76151 0.0478
76175 0.04579
76187 0.04755
76199 0.04787
76235 0.04793
76307 0.04951
76319 0.04562
76331 0.04733
76391 0.04964
76415 0.04577
76451 0.0487
76475 0.04627
76499 0.0476
76523 0.04764
76547 0.04639
76583 0.04604
76691 0.04621
76703 0.04623
76715 0.04871
76727 0.04873
76751 0.04918
76763 0.04803
76775 0.04635
76787 0.04677
76799 0.04493
76835 0.04685
76859 0.04818
76895 0.0456
76979 0.04667
77015 0.04579
77027 0.04581
77039 0.04583
77063 0.04681
77075 0.04853
77087 0.0493
77099 0.04686
77111 0.04595
77123 0.0469
77147 0.046
77159 0.04602
77183 0.0487
77219 0.04746
77231 0.04748
77303 0.04889
77315 0.04627
77327 0.04999
77363 0.04728
77375 0.04636
77411 0.05024
77423 0.04421
77435 0.04646
77459 0.0465
77495 0.04749
77507 0.04591
77519 0.04753
77531 0.04595
77567 0.04968
77579 0.04669
77603 0.04767
77615 0.04608
77663 0.0504
77675 0.04617
77735 0.04958
77771 0.04793
77807 0.04839
77843 0.04933
77855 0.04712
77879 0.0455
77891 0.04853
77903 0.04814
77927 0.04724
77939 0.04659
77963 0.04824
77975 0.04927
77987 0.04868
78011 0.04737
78023 0.04994
78071 0.0468
78083 0.04842
78107 0.04752
78119 0.04549
78131 0.0485
78155 0.04693
78227 0.04906
78263 0.05041
78275 0.04913
78287 0.0478
78299 0.04782
78323 0.0458
78359 0.04725
78371 0.04588
78383 0.0489
78407 0.04934
78431 0.04803
78443 0.04599
78455 0.04601
78503 0.04909
78515 0.04816
78551 0.04916
78563 0.04618
78575 0.0462
78587 0.04922
78599 0.04623
78647 0.04832
78659 0.04633
78671 0.04635
78683 0.04637
78719 0.04848
78731 0.04985
78743 0.04274
78755 0.04648
78767 0.04991
78815 0.04927
78851 0.04663
78875 0.04806
78899 0.04977
78923 0.04974
78959 0.04819
78971 0.04982
78995 0.04685
79007 0.04893
79019 0.04895
79055 0.04995
79079 0.04837
79091 0.04906
79127 0.04845
79163 0.04711
79175 0.04713
79199 0.04923
79211 0.04719
79223 0.04844
79235 0.04862
79307 0.0494
79331 0.04877
79355 0.05025
79391 0.04953
79403 0.04914
79415 0.04957
79439 0.04754
79463 0.04758
79475 0.04846
79487 0.04901
79499 0.04763
79511 0.04905
79523 0.05037
79547 0.0491
79571 0.04774
79619 0.04988
79655 0.04927
79667 0.04996
79679 0.05017
79715 0.04784
79727 0.05005
79739 0.048
79763 0.04804
79775 0.04806
79787 0.04947
79799 0.05002
79835 0.04815
79871 0.0496
79883 0.04764
79895 0.05031
79919 0.04851
79931 0.05037
79991 0.04839
80003 0.04977
80015 0.04843
80027 0.0505
80075 0.04992
80087 0.04568
80099 0.0457
80135 0.04861
80159 0.04865
80171 0.04581
80183 0.04954
80195 0.0492
80219 0.04588
80243 0.04642
80255 0.0488
80303 0.04805
80339 0.05011
80375 0.04898
80411 0.04904
80459 0.0492
80483 0.04526
80495 0.0463
80507 0.04632
80519 0.04634
80543 0.0491
80591 0.05034
80615 0.04546
80675 0.04944
80699 0.04559
80711 0.0495
80723 0.04888
80735 0.04962
80759 0.04957
80771 0.04959
80795 0.04676
80855 0.04947
80867 0.05
80879 0.04586
80891 0.04588
80927 0.04673
80939 0.04595
80951 0.04986
80975 0.0499
80987 0.04635
80999 0.04707
81011 0.04606
81035 0.04999
81095 0.05008
81107 0.04723
81143 0.04838
81167 0.04732
81191 0.04633
81215 0.04548
81227 0.0455
81251 0.04793
81263 0.05034
81275 0.04557
81287 0.04895
81383 0.04662
81395 0.04664
81407 0.04577
81443 0.04671
81455 0.04673
81467 0.04777
81479 0.05038
81503 0.05035
81515 0.04593
81539 0.04597
81575 0.04691
81623 0.0502
81635 0.04803
81659 0.04806
81683 0.05013
81719 0.04624
81743 0.04767
81755 0.04892
81779 0.04889
81791 0.04635
81803 0.04726
81827 0.0464
81851 0.04733
81863 0.04753
81875 0.04553
81911 0.04559
81923 0.04617
81935 0.04656
81947 0.0485
81959 0.04742
81983 0.04976
81995 0.04738
82079 0.04584
82091 0.04585
82103 0.04531
82115 0.04772
82151 0.04594
82175 0.04686
82187 0.046
82211 0.04787
82259 0.04943
82271 0.04612
82283 0.0494
82295 0.0456
82319 0.04803
82331 0.04805
82343 0.04567
82355 0.04719
82367 0.0457
82391 0.0463
82415 0.04728
82427 0.04635
82451 0.04734
82475 0.04826
82511 0.04548
82535 0.04552
82547 0.04653
82583 0.04671
82643 0.04611
82655 0.04569
82679 0.04573
82703 0.0486
82715 0.04622
82739 0.04682
82751 0.04684
82775 0.04587
82823 0.04638
82859 0.04794
82871 0.04796
82895 0.04605
82919 0.04892
82931 0.0461
82943 0.04896
82955 0.04657
82967 0.04659
82979 0.04901
82991 0.04619
83027 0.04668
83051 0.04728
83075 0.04826
83099 0.04635
83111 0.0468
83123 0.04639
83135 0.0464
83147 0.04837
83159 0.04644
83183 0.04506
83195 0.04649
83291 0.04663
83315 0.04767
83327 0.04712
83375 0.04871
83387 0.04721
83411 0.04681
83435 0.04685
83447 0.0473
83483 0.0455
83507 0.04795
83519 0.04536
83555 0.04702
83567 0.04531
83603 0.04709
83615 0.04711
83627 0.04388
83651 0.04574
83675 0.04578
83687 0.04579
83699 0.04723
83711 0.04583
83723 0.04771
83747 0.04588
83759 0.04832
83807 0.04783
83819 0.04741
83855 0.04746
83879 0.04981
83915 0.0495
83927 0.04975
83951 0.04618
83963 0.04546
83975 0.04548
84023 0.04628
84071 0.04562
84083 0.04505
84095 0.04955
84107 0.04641
84119 0.04569
84203 0.04797
84227 0.04845
84251 0.04588
84275 0.04592
84311 0.04597
84323 0.04815
84335 0.046
84371 0.04679
84419 0.04613
84455 0.04618
84479 0.04938
84527 0.04702
84539 0.0463
84563 0.04983
84575 0.04709
84587 0.04897
84599 0.05051
84611 0.04714
84623 0.04642
84647 0.04906
84671 0.04649
84695 0.04653
84743 0.0455
84755 0.04735
84767 0.04554
84803 0.04885
84839 0.04673
84851 0.04566
84863 0.04677
84875 0.04569
84899 0.04682
84911 0.04758
84923 0.04902
84959 0.04691
84971 0.04583
84995 0.04913
85007 0.05015
85019 0.04929
85031 0.04626
85067 0.04967
85079 0.04708
85115 0.0493
85175 0.04983
85211 0.04618
85271 0.04626
85295 0.0463
85307 0.04815
85343 0.04746
85355 0.04822
85403 0.04885
85415 0.04647
85463 0.04837
85475 0.04656
85499 0.04769
85511 0.04661
85547 0.04849
85559 0.04777
85583 0.04781
85595 0.04673
85631 0.04678
85655 0.04549
85715 0.04997
85727 0.05041
85739 0.04561
85763 0.04697
85775 0.04566
85799 0.04569
85811 0.04759
85859 0.04578
85871 0.04896
85895 0.04826
85907 0.0502
85919 0.04587
85943 0.0459
85979 0.04838
86039 0.0455
86051 0.04738
86063 0.05038
86075 0.04555
86087 0.04743
86099 0.05034
86123 0.04616
86135 0.04564
86147 0.04936
86159 0.04567
86207 0.04715
86219 0.04576
86231 0.04874
86255 0.04581
86267 0.04769
86279 0.04856
86315 0.04886
86327 0.04777
86339 0.04593
86363 0.04777
86375 0.04598
86387 0.04786
86411 0.04603
86435 0.04553
86447 0.04979
86459 0.04663
86471 0.04558
86483 0.04548
86507 0.04616
86519 0.04553
86543 0.04675
86555 0.0457
86591 0.04575
86615 0.04685
86651 0.04823
86663 0.04692
86675 0.04557
86687 0.04347
86699 0.04809
86723 0.04593
86735 0.04595
86747 0.04567
86759 0.04652
86831 0.04597
86855 0.04582
86867 0.04854
86879 0.04669
86903 0.04589
86963 0.04978
86975 0.04629
86987 0.04631
86999 0.0462
87035 0.04626
87047 0.04639
87143 0.04641
87167 0.04626
87191 0.04647
87203 0.04649
87227 0.04664
87239 0.05017
87275 0.04641
87287 0.04673
87371 0.04685
87395 0.04676
87419 0.04679
87431 0.04681
87467 0.04668
87503 0.04673
87515 0.04693
87527 0.04948
87551 0.0471
87563 0.04682
87575 0.04713
87599 0.04705
87611 0.04718
87635 0.04829
87647 0.04777
87659 0.04713
87707 0.04732
87731 0.04705
87779 0.04843
87791 0.04744
87815 0.04717
87827 0.04719
87851 0.04806
87863 0.04754
87875 0.04743
87899 0.04866
87935 0.04817
87947 0.04736
87971 0.04769
88031 0.04747
88055 0.04888
88067 0.04782
88091 0.04756
88139 0.04846
88151 0.04794
88163 0.04913
88175 0.04785
88199 0.04789
88235 0.04794
88247 0.04778
88271 0.04781
88307 0.04786
88319 0.04706
88343 0.04809
88355 0.0481
88367 0.05039
88391 0.04827
88403 0.04817
88451 0.04806
88475 0.04809
88511 0.04814
88559 0.04928
88595 0.04556
88619 0.04967
88631 0.04861
88655 0.04864
88679 0.04856
88691 0.04569
88703 0.04859
88715 0.04861
88727 0.04928
88739 0.04864
88763 0.04867
88775 0.04581
88835 0.04589
88847 0.04591
88871 0.04894
88895 0.04569
88907 0.04687
88931 0.04602
88943 0.04904
88967 0.04578
89015 0.04614
89027 0.04916
89039 0.04588
89063 0.04891
89075 0.0491
89099 0.04626
89147 0.04903
89159 0.04547
89171 0.04555
89183 0.04556
89207 0.04554
89243 0.05048
89267 0.04568
89279 0.04564
89291 0.04565
89327 0.04957
89339 0.04675
89351 0.04579
89375 0.04577
89411 0.04582
89423 0.04589
89435 0.04591
89447 0.04587
89471 0.04596
89483 0.05021
89495 0.04593
89507 0.04952
89531 0.04604
89543 0.04957
89579 0.04691
89639 0.04671
89651 0.04615
89675 0.04676
89711 0.04623
89723 0.05
89735 0.04626
89807 0.04694
89831 0.04697
89879 0.04646
89903 0.05007
89915 0.04651
89951 0.04661
89975 0.04659
89987 0.04661
89999 0.04662
90035 0.04673
90047 0.04669
90083 0.04955
90095 0.04762
90119 0.05048
90131 0.05038
90143 0.05036
90155 0.04766
90167 0.04772
90179 0.04753
90275 0.047
90287 0.04701
90323 0.04749
90335 0.05039
90347 0.04767
90383 0.05033
90395 0.04774
90443 0.04915
90455 0.04724
90479 0.04785
90503 0.04736
90515 0.04994
90539 0.04715
90551 0.04737
90575 0.04798
90611 0.04745
90683 0.05
90695 0.04763
90707 0.04782
90719 0.0476
90743 0.04532
90755 0.04852
90767 0.04824
90791 0.04776
90815 0.04551
90827 0.04552
90839 0.04776
90851 0.04555
90875 0.04559
90923 0.04565
90935 0.04567
90983 0.04573
91031 0.04551
91043 0.04553
91091 0.0481
91103 0.04561
91175 0.04599
91187 0.04601
91211 0.04604
91235 0.04607
91271 0.04584
91295 0.04587
91307 0.04588
91319 0.04822
91355 0.04595
91379 0.04849
91391 0.04628
91403 0.04858
91415 0.04912
91427 0.04856
91439 0.04945
91451 0.0485
91475 0.04868
91511 0.04616
91547 0.04649
91595 0.04557
91607 0.04558
91643 0.04563
91655 0.04565
91667 0.04637
91679 0.04948
91715 0.04643
91727 0.04896
91739 0.04985
91751 0.04676
91775 0.04651
91787 0.04904
91799 0.04906
91859 0.04972
91871 0.04664
91907 0.04598
91931 0.04924
91955 0.04927
91979 0.04988
91991 0.0461
92015 0.04613
92039 0.0484
92063 0.0469
92075 0.0457
92087 0.04693
92099 0.04567
92159 0.05041
92171 0.04634
92183 0.04706
92207 0.04966
92231 0.04712
92267 0.04646
92291 0.0472
92303 0.0475
92315 0.04653
92351 0.05038
92375 0.04753
92411 0.04666
92423 0.04738
92435 0.04669
92447 0.0467
92471 0.04673
92483 0.04675
92495 0.04999
92543 0.04753
92555 0.04548
92579 0.04551
92591 0.04689
92675 0.05023
92711 0.04776
92735 0.04708
92747 0.0471
92759 0.04575
92771 0.05016
92783 0.04578
92795 0.0499
92807 0.04817
92819 0.05011
92843 0.04723
92855 0.04588
92879 0.0505
92903 0.04594
92939 0.05045
92975 0.04604
92999 0.04607
93011 0.04745
93023 0.0461
93035 0.04611
93095 0.05028
93107 0.0498
93119 0.04623
93155 0.04764
93167 0.04865
93203 0.04634
93215 0.04945
93227 0.04774
93275 0.0478
93299 0.0471
93311 0.04648
93335 0.04651
93443 0.04665
93467 0.04876
93515 0.04675
93527 0.04935
93539 0.04678
93575 0.04682
93587 0.04821
93599 0.04686
93611 0.04923
93623 0.04896
93635 0.04586
93647 0.04928
93659 0.04921
93671 0.04695
93695 0.04906
93707 0.04907
93755 0.04546
93767 0.04548
93791 0.04711
93815 0.04554
93839 0.04525
93863 0.0472
93875 0.04562
93899 0.04565
93995 0.04875
94019 0.04548
94031 0.04582
94043 0.04551
94055 0.04648
94067 0.04587
94091 0.0475
94103 0.04889
94115 0.04961
94127 0.04595
94139 0.04596
94163 0.04567
94175 0.04568
94187 0.049
94223 0.04975
94235 0.04609
94247 0.04908
94259 0.04905
94271 0.04581
94319 0.04587
94355 0.04592
94367 0.04626
94403 0.04791
94415 0.04599
94451 0.04934
94475 0.05008
94499 0.0488
94511 0.04612
94523 0.04944
94535 0.04945
94607 0.04955
94619 0.04819
94631 0.04546
94643 0.04548
94655 0.04631
94667 0.04962
94691 0.04828
94703 0.04637
94715 0.04557
94739 0.0456
94751 0.05033
94763 0.05032
94775 0.04565
94787 0.0468
94799 0.04568
94835 0.04847
94859 0.0469
94883 0.0466
94931 0.04585
94943 0.04586
94955 0.04863
94967 0.04827
94979 0.04545
95015 0.04596
95075 0.04603
95099 0.04606
95123 0.04884
95135 0.04725
95147 0.04542
95159 0.04614
95183 0.0503
95195 0.047
95207 0.04735
95243 0.04625
95315 0.04749
95351 0.0472
95363 0.0464
95375 0.04642
95387 0.04758
95411 0.04728
95423 0.0473
95459 0.04734
95495 0.04739
95519 0.04775
95555 0.04665
95567 0.04781
95615 0.04754
95639 0.04676
95663 0.04679
95675 0.04762
95699 0.04798
95711 0.04685
95735 0.04803
95759 0.04773
95771 0.04693
95795 0.04696
95807 0.04812
95831 0.04976
95855 0.04704
95867 0.04939
95903 0.04733
95927 0.0491
95939 0.04796
95951 0.04798
95975 0.04719
96011 0.04999
96023 0.04725
96071 0.04731
96083 0.04733
96119 0.04737
96131 0.04821
96143 0.04911
96191 0.05022
96215 0.04831
96227 0.04866
96239 0.04753
96251 0.0503
96275 0.04839
96287 0.04874
96311 0.04762
96359 0.0485
96383 0.04864
96395 0.04773
96407 0.04889
96455 0.0478
96491 0.04785
96503 0.05042
96551 0.04874
96563 0.04794
96575 0.04796
96599 0.04881
96623 0.05029
96635 0.04803
96659 0.04806
96683 0.04891
96695 0.04617
96707 0.04927
96719 0.04814
96743 0.0485
96755 0.049
96767 0.04826
96791 0.04389
96815 0.04826
96839 0.05007
96899 0.04919
96923 0.0484
96947 0.04958
96971 0.04846
96995 0.04964
97019 0.04629
97043 0.04855
97055 0.04939
97067 0.04973
97079 0.0486
97091 0.04861
97163 0.04611
97175 0.04987
97199 0.0499
97211 0.04555
97223 0.04556
97247 0.04996
97295 0.04565
97319 0.04547
97343 0.04975
97403 0.04901
97427 0.04561
97439 0.04525
97451 0.04907
97475 0.04588
97559 0.04577
97595 0.04603
97619 0.04585
97643 0.04609
97667 0.04759
97679 0.04614
97691 0.04594
97703 0.04939
97727 0.05046
97739 0.046
97751 0.04623
97763 0.04624
97775 0.04604
97811 0.04952
97835 0.04612
97895 0.04546
97955 0.04554
97991 0.04558
98003 0.04654
98027 0.04563
98039 0.04981
98051 0.0504
98075 0.04569
98087 0.05009
98099 0.04645
98135 0.04993
98147 0.04691
98159 0.04674
98171 0.0458
98183 0.04582
98195 0.04583
98255 0.04665
98279 0.04531
98291 0.04988
98303 0.05014
98315 0.04986
98339 0.05019
98363 0.04604
98375 0.05006
98423 0.05029
98471 0.04555
98483 0.04557
98531 0.04625
98555 0.04566
98603 0.04634
98615 0.04573
98651 0.04578
98675 0.04375
98687 0.04645
98699 0.04741
98723 0.04586
98735 0.04588
98747 0.04726
98759 0.04748
98771 0.05033
98783 0.04657
98819 0.04598
98831 0.04663
98843 0.04664
98855 0.04739
98879 0.04606
98903 0.04672
98915 0.04673
98951 0.04677
98975 0.04618
98987 0.04682
99035 0.04762
99047 0.04763
99107 0.04771
99155 0.04703
99167 0.049
99179 0.0478
99203 0.04646
99227 0.04895
99275 0.04655
99287 0.04719
99299 0.0498
99311 0.04912
99323 0.04724
99383 0.04731
99395 0.04827
99407 0.04877
99419 0.04673
99443 0.04676
99479 0.0468
99491 0.04818
99515 0.04747
99575 0.04692
99587 0.04859
99599 0.04832
99647 0.04853
99659 0.04702
99671 0.04704
99683 0.04768
99695 0.0477
99731 0.04711
99755 0.04777
99779 0.04875
99791 0.04781
99803 0.0472
99827 0.04786
99851 0.04789
99863 0.04727
99875 0.04792
99887 0.04867
99899 0.0489
99911 0.04733
99935 0.04799
99947 0.04875
99995 0.0488
